Calculating statisitcs of dataset
n_examples: 17832
sentA_length: 32.61507402422611
sentB_length: 33.66150740242261
pos_label: 1.937079407806191
neg_label: 16.501289816061014
no_label: 47.83821220278151
